data_preparation:
 test_size: 0.4
 random_state: 42

model_train:
 LightGBM:
    n_estimators: 154
    max_depth: 27
    learning_rate: 0.22234435854395157
    subsample: 0.7592213724048168
    min_child_weight: 20
    min_split_gain: 0.004604680609280751
    reg_lambda: 97.81002379097947
    n_jobs: -1